{
  "asset": {
    "version": "2.0",
    "generator": "THREE.GLTFExporter"
  },
  "scenes": [
    {
      "name": "AuxScene",
      "nodes": [
        50
      ]
    }
  ],
  "scene": 0,
  "nodes": [
    {
      "matrix": [
        0.21897325565735412,
        7.337724069604528e-8,
        0.97573116045536,
        0,
        -3.246644178445335e-8,
        1.0000002384185762,
        -6.791622654925618e-8,
        0,
        -0.9757310441391716,
        -1.680666984631775e-8,
        0.2189732295537159,
        0,
        1.1741384267807007,
        1.0182738208186493e-8,
        3.3012900352478027,
        1
      ],
      "name": "joint3",
      "extras": {
        "name": "joint3"
      }
    },
    {
      "matrix": [
        0.21309988064250962,
        -6.053761097933531e-8,
        0.9770304471462972,
        0,
        -3.301091293039838e-8,
        0.9999999999999971,
        6.916082910093362e-8,
        0,
        -0.9770304471462985,
        -4.699083220524564e-8,
        0.21309988064250696,
        0,
        -1.858680248260498,
        6.58642053604126,
        3.9730706214904785,
        1
      ],
      "name": "joint2",
      "extras": {
        "name": "joint2"
      },
      "children": [
        0
      ]
    },
    {
      "matrix": [
        0.14359884420462277,
        7.23157063441609e-7,
        -0.9896359871495886,
        0,
        -8.102407233284539e-7,
        0.9999999999994837,
        6.131622527418655e-7,
        0,
        0.9896359871495211,
        7.137939755432265e-7,
        0.14359884420513458,
        0,
        2.8975435384381854e-8,
        -0.0000019050532955589006,
        7.497512832799202e-9,
        1
      ],
      "name": "joint1",
      "extras": {
        "name": "joint1"
      },
      "children": [
        1
      ]
    },
    {
      "matrix": [
        0.218973255657355,
        1.4495589343430118e-8,
        0.9757311604553622,
        0,
        -6.801538652881957e-8,
        1.0000002384185767,
        4.0785978495442214e-10,
        0,
        -0.9757310441391693,
        -6.645401410725121e-8,
        0.21897322955371556,
        0,
        1.4023751020431519,
        -0.0000010009357538365293,
        3.3174309730529785,
        1
      ],
      "name": "RightEye",
      "extras": {
        "name": "RightEye"
      }
    },
    {
      "matrix": [
        0.2130998806425053,
        -8.045926365834746e-8,
        0.9770304471462973,
        0,
        6.678236240926616e-8,
        0.9999999999999954,
        6.778494043939004e-8,
        0,
        -0.9770304471462984,
        5.080343463675217e-8,
        0.21309988064250962,
        0,
        -2.953590154647827,
        6.420485019683838,
        -3.1919469833374023,
        1
      ],
      "name": "joint2001",
      "extras": {
        "name": "joint2.001"
      },
      "children": [
        3
      ]
    },
    {
      "matrix": [
        0.14359884420462277,
        7.231287975710523e-7,
        -0.9896359871495886,
        0,
        -8.102407920051902e-7,
        0.9999999999994837,
        6.131336808901201e-7,
        0,
        0.9896359871495211,
        7.137981463932991e-7,
        0.14359884420513458,
        0,
        2.8975435384381854e-8,
        -0.0000019050532955589006,
        7.497513720977622e-9,
        1
      ],
      "name": "joint4",
      "extras": {
        "name": "joint4"
      },
      "children": [
        4
      ]
    },
    {
      "matrix": [
        0.9999992991701667,
        -0.00118391046583771,
        -0.000003904348666945463,
        0,
        0.0011836799948213314,
        0.9998597271436904,
        -0.0167070329435758,
        0,
        0.00002368342848110002,
        0.016707014621658394,
        0.9998603085905877,
        0,
        2.266240493875582e-11,
        1.3821983337402344,
        -0.0193976741284132,
        1
      ],
      "name": "BodyAnimationSkeletonsJob_006Headd",
      "extras": {
        "name": "BodyAnimationSkeletonsJob_006:Headd"
      },
      "children": [
        2,
        5
      ]
    },
    {
      "matrix": [
        0.9999534807996739,
        -0.000007569996164713333,
        -0.009639344988279884,
        0,
        -9.240718335380531e-10,
        0.9999996915590013,
        -0.0007854183051559715,
        0,
        0.009639348535274135,
        0.0007853818238450439,
        0.9999532319748738,
        0,
        -2.9785201860477173e-8,
        2.8526062965393066,
        0.0015920331934466958,
        1
      ],
      "name": "BodyAnimationSkeletonsJob_006Neckd",
      "extras": {
        "name": "BodyAnimationSkeletonsJob_006:Neckd"
      },
      "children": [
        6
      ]
    },
    {
      "matrix": [
        0.9999863549493713,
        0.0018457177744644602,
        0.004887048411176959,
        0,
        -0.0018755140328052557,
        0.9999795797027052,
        0.006099460404617223,
        0,
        -0.004875691024827849,
        -0.006108543268741495,
        0.9999694562029703,
        0,
        -2.9832499137683044e-8,
        2.323173999786377,
        0.0015819999389350414,
        1
      ],
      "name": "BodyAnimationSkeletonsJob_006Spine2d",
      "extras": {
        "name": "BodyAnimationSkeletonsJob_006:Spine2d"
      },
      "children": [
        7
      ]
    },
    {
      "matrix": [
        0.9999890848618479,
        0.0017084385061405735,
        0.004348723417167482,
        0,
        -0.0018169247518214152,
        0.999684141927805,
        0.02506621574748447,
        0,
        -0.0043045257502428,
        -0.025073843449378793,
        0.9996763343414499,
        0,
        -3.837414067064948e-11,
        2.2152962684631348,
        0.0012408727779984474,
        1
      ],
      "name": "BodyAnimationSkeletonsJob_006Spine1d",
      "extras": {
        "name": "BodyAnimationSkeletonsJob_006:Spine1d"
      },
      "children": [
        8
      ]
    },
    {
      "matrix": [
        0.9994862037740768,
        -0.027862024303244345,
        0.01584411661863942,
        0,
        0.027539824113148162,
        0.9994165347994927,
        0.020202673505779544,
        0,
        -0.0163977585499579,
        -0.019755948070457042,
        0.999670294046121,
        0,
        -0.0000815454259281978,
        1.8567934036254883,
        0.002600844018161297,
        1
      ],
      "name": "BodyAnimationSkeletonsJob_006Spined",
      "extras": {
        "name": "BodyAnimationSkeletonsJob_006:Spined"
      },
      "children": [
        9
      ]
    },
    {
      "matrix": [
        0.9999335775934403,
        0.006572891000404139,
        -0.009455109162842503,
        0,
        -0.0068397897460362594,
        0.9995709529876614,
        -0.028478202685170657,
        0,
        0.009263868910526243,
        0.028540983752979174,
        0.9995495758487621,
        0,
        -0.06903495639562607,
        10.750411987304688,
        -0.04494281858205795,
        1
      ],
      "name": "BodyAnimationSkeletonsJob_006Hipsd",
      "extras": {
        "name": "BodyAnimationSkeletonsJob_006:Hipsd"
      },
      "children": [
        10
      ]
    },
    {
      "mesh": 0,
      "skin": 0
    },
    {
      "mesh": 1,
      "skin": 1
    },
    {
      "children": [
        11,
        12,
        13
      ]
    },
    {
      "matrix": [
        0.2189732295537119,
        8.082717006460877e-8,
        0.97573104413917,
        0,
        -6.830604822383055e-8,
        1.0000001192092849,
        -6.750834154391406e-8,
        0,
        -0.9757310441391709,
        -5.186579779886578e-8,
        0.21897322955371645,
        0,
        1.1741384267807007,
        -0.0000018961662817673641,
        3.301290273666382,
        1
      ],
      "name": "joint3",
      "extras": {
        "name": "joint3"
      }
    },
    {
      "matrix": [
        0.2131000301919811,
        -5.829991757643668e-8,
        0.977030354304531,
        0,
        -3.495346902594744e-8,
        0.9999999999999971,
        6.729422356758712e-8,
        0,
        -0.9770303543045321,
        -4.8491000537140445e-8,
        0.21310003019197843,
        0,
        -1.8586801290512085,
        6.586422443389893,
        3.9730701446533203,
        1
      ],
      "name": "joint2",
      "extras": {
        "name": "joint2"
      },
      "children": [
        15
      ]
    },
    {
      "matrix": [
        0.14359884420462266,
        7.22058978542054e-7,
        -0.9896359871495894,
        0,
        -8.11491141848282e-7,
        0.9999999999994835,
        6.118712289805078e-7,
        0,
        0.9896359871495202,
        7.152168242282555e-7,
        0.14359884420513447,
        0,
        -3.054640984601065e-8,
        -0.0000019050540913667646,
        2.477702043535146e-9,
        1
      ],
      "name": "joint1",
      "extras": {
        "name": "joint1"
      },
      "children": [
        16
      ]
    },
    {
      "matrix": [
        0.21897325565735523,
        1.3284419158169858e-8,
        0.9757311604553621,
        0,
        -6.466026967026274e-8,
        1.0000001192092873,
        8.962023407821629e-10,
        0,
        -0.9757310441391694,
        -6.328726492882963e-8,
        0.21897322955371556,
        0,
        1.40237557888031,
        9.073942806026025e-7,
        3.317432403564453,
        1
      ],
      "name": "RightEye",
      "extras": {
        "name": "RightEye"
      }
    },
    {
      "matrix": [
        0.21310005559547995,
        -8.045926877491487e-8,
        0.9770304707756254,
        0,
        6.678235271006375e-8,
        1.0000001192092849,
        6.778494296417041e-8,
        0,
        -0.9770304707756265,
        5.080341715232553e-8,
        0.21310005559548428,
        0,
        -2.9535903930664062,
        6.4204888343811035,
        -3.1919469833374023,
        1
      ],
      "name": "joint2001",
      "extras": {
        "name": "joint2.001"
      },
      "children": [
        18
      ]
    },
    {
      "matrix": [
        0.14359868819056099,
        7.238753139474679e-7,
        -0.9896360772925789,
        0,
        -8.117560204437703e-7,
        0.9999999403948374,
        6.136681730163494e-7,
        0,
        0.9896360772925107,
        7.15221026398807e-7,
        0.14359868819107424,
        0,
        2.950883803976012e-8,
        2.2946125000089523e-9,
        3.6646627954439737e-9,
        1
      ],
      "name": "joint4",
      "extras": {
        "name": "joint4"
      },
      "children": [
        19
      ]
    },
    {
      "matrix": [
        0.9999992991712686,
        -0.0011839095349300114,
        -0.00000390440484163276,
        0,
        0.0011836790631491619,
        0.9998597271759133,
        -0.016707031081017502,
        0,
        0.00002368346689054207,
        0.01670701275905718,
        0.9998603086217073,
        0,
        2.2664203847000408e-11,
        1.3821964263916016,
        -0.019397733733057976,
        1
      ],
      "name": "BodyAnimationSkeletonsJob_006Headd",
      "extras": {
        "name": "BodyAnimationSkeletonsJob_006:Headd"
      },
      "children": [
        17,
        20
      ]
    },
    {
      "matrix": [
        0.9999534807996704,
        -0.00000757092162340329,
        -0.009639344987916448,
        0,
        1.0364354265536263e-11,
        0.9999993339319709,
        -0.000785417097439282,
        0,
        0.009639345662887844,
        0.0007853806539894573,
        0.9999529339663193,
        0,
        2.6208682793460447e-11,
        2.852604389190674,
        0.0015920744044706225,
        1
      ],
      "name": "BodyAnimationSkeletonsJob_006Neckd",
      "extras": {
        "name": "BodyAnimationSkeletonsJob_006:Neckd"
      },
      "children": [
        21
      ]
    },
    {
      "matrix": [
        0.9914223690941091,
        -0.13069648089277053,
        -6.044437055828085e-9,
        0,
        0.13069647310265273,
        0.9914223100007274,
        -2.609307792827096e-9,
        0,
        6.333618172096006e-9,
        1.7969399846069432e-9,
        1,
        0,
        -0.16373296082019806,
        5.40350866317749,
        -0.0014646034687757492,
        1
      ],
      "name": "BodyAnimationSkeletonsJob_006LeftHandd",
      "extras": {
        "name": "BodyAnimationSkeletonsJob_006:LeftHandd"
      }
    },
    {
      "matrix": [
        0.010652545010738645,
        -0.0011191075626308944,
        0.999942621572096,
        0,
        -0.10619282819915998,
        0.9943430227986079,
        0.0022441281175873407,
        0,
        -0.9942888358953239,
        -0.1062106799657873,
        0.010473446422614866,
        0,
        0.0013122532982379198,
        5.530061721801758,
        -0.12301015108823776,
        1
      ],
      "name": "BodyAnimationSkeletonsJob_006LeftForeArmd",
      "extras": {
        "name": "BodyAnimationSkeletonsJob_006:LeftForeArmd"
      },
      "children": [
        23
      ]
    },
    {
      "matrix": [
        0.9948604687286422,
        0.09239093078160189,
        -0.04144006470035658,
        0,
        0.011865929824618354,
        0.30005705138027994,
        0.9538473316696132,
        0,
        0.1005612381993184,
        -0.9494368415772692,
        0.29741862992669676,
        0,
        -0.0014907349832355976,
        3.0979671478271484,
        -0.02763577178120613,
        1
      ],
      "name": "BodyAnimationSkeletonsJob_006LeftArmd",
      "extras": {
        "name": "BodyAnimationSkeletonsJob_006:LeftArmd"
      },
      "children": [
        24
      ]
    },
    {
      "matrix": [
        0.0193001447126826,
        0.004183013168670714,
        -0.999804790296066,
        0,
        0.9987050380981495,
        -0.047159359446326495,
        0.019081775757425846,
        0,
        -0.04707016236086282,
        -0.9988782583352972,
        -0.005087949678019083,
        0,
        2.3279998302459717,
        2.750807046890259,
        0.0036920136772096157,
        1
      ],
      "name": "BodyAnimationSkeletonsJob_006LeftShoulderd",
      "extras": {
        "name": "BodyAnimationSkeletonsJob_006:LeftShoulderd"
      },
      "children": [
        25
      ]
    },
    {
      "matrix": [
        0.9911953505767087,
        0.13240941827688787,
        -1.0891440244651518e-8,
        0,
        -0.13240941827688787,
        0.9911953505767088,
        -4.242040516955425e-10,
        0,
        1.073937376126674e-8,
        1.8625978889994236e-9,
        1.0000002384185789,
        0,
        0.16373063623905182,
        5.403456687927246,
        -0.0012064685579389334,
        1
      ],
      "name": "BodyAnimationSkeletonsJob_006RightHandd",
      "extras": {
        "name": "BodyAnimationSkeletonsJob_006:RightHandd"
      }
    },
    {
      "matrix": [
        0.009681325035171424,
        0.004182172405802974,
        -0.9999446027750963,
        0,
        0.07302158397607107,
        0.9973186697156567,
        0.004878181907169419,
        0,
        0.9972834660240678,
        -0.07306473341714015,
        0.009349973783763454,
        0,
        0.000014640570952906273,
        5.530002117156982,
        -0.08186586201190948,
        1
      ],
      "name": "BodyAnimationSkeletonsJob_006RightForeArmd",
      "extras": {
        "name": "BodyAnimationSkeletonsJob_006:RightForeArmd"
      },
      "children": [
        27
      ]
    },
    {
      "matrix": [
        0.9997281216227966,
        0.02166998759604132,
        0.008635467782424348,
        0,
        -0.01497585068867511,
        0.3123908635065706,
        0.9498354044903248,
        0,
        0.01788527416721058,
        -0.9497061486148434,
        0.31263034588595134,
        0,
        -0.000058385878219269216,
        3.0980005264282227,
        -0.08186068385839462,
        1
      ],
      "name": "BodyAnimationSkeletonsJob_006RightArmd",
      "extras": {
        "name": "BodyAnimationSkeletonsJob_006:RightArmd"
      },
      "children": [
        28
      ]
    },
    {
      "matrix": [
        0.03758908386588036,
        -0.0005275900960733644,
        0.9992928922626938,
        0,
        -0.9946859537666555,
        -0.09593716093105797,
        0.03736525188313777,
        0,
        0.09584949153002316,
        -0.9953870803647678,
        -0.004131095739198788,
        0,
        -2.32800030708313,
        2.750807523727417,
        -0.0004079273494426161,
        1
      ],
      "name": "BodyAnimationSkeletonsJob_006RightShoulderd",
      "extras": {
        "name": "BodyAnimationSkeletonsJob_006:RightShoulderd"
      },
      "children": [
        29
      ]
    },
    {
      "matrix": [
        0.9999863549524037,
        0.0018457162555652177,
        0.004887048697157373,
        0,
        -0.0018755122903275762,
        0.9999794604988753,
        0.006099460045312467,
        0,
        -0.004875691320756733,
        -0.0061085436285934,
        0.9999694562029703,
        0,
        2.976213586691756e-8,
        2.323172092437744,
        0.0015820013359189034,
        1
      ],
      "name": "BodyAnimationSkeletonsJob_006Spine2d",
      "extras": {
        "name": "BodyAnimationSkeletonsJob_006:Spine2d"
      },
      "children": [
        22,
        26,
        30
      ]
    },
    {
      "matrix": [
        0.999989084862221,
        0.0017084394432249767,
        0.004348722963219144,
        0,
        -0.0018169256772307268,
        0.9996841419261632,
        0.025066215745880003,
        0,
        -0.00430452527294428,
        -0.02507384345098326,
        0.9996763343434648,
        0,
        -2.98270599330408e-8,
        2.2152962684631348,
        0.0012408867478370667,
        1
      ],
      "name": "BodyAnimationSkeletonsJob_006Spine1d",
      "extras": {
        "name": "BodyAnimationSkeletonsJob_006:Spine1d"
      },
      "children": [
        31
      ]
    },
    {
      "matrix": [
        0.9994862039589284,
        -0.02786202031906034,
        0.015844115824818386,
        0,
        0.02753983007525826,
        0.9994168924479586,
        0.02020267812641147,
        0,
        -0.01639776438293953,
        -0.019755953850579332,
        0.99967071124557,
        0,
        -0.00008155275281751528,
        1.8567934036254883,
        0.002600832609459758,
        1
      ],
      "name": "BodyAnimationSkeletonsJob_006Spined",
      "extras": {
        "name": "BodyAnimationSkeletonsJob_006:Spined"
      },
      "children": [
        32
      ]
    },
    {
      "matrix": [
        0.9999998807907081,
        -2.5844196736022327e-8,
        -6.245681338865736e-8,
        0,
        2.584420153383349e-8,
        0.9999999403953536,
        5.2154060262769053e-8,
        0,
        6.245681948621046e-8,
        -5.215406498554012e-8,
        0.9999999999999967,
        0,
        -0.02866319939494133,
        0.7023743987083435,
        -0.15479430556297302,
        1
      ],
      "name": "BodyAnimationSkeletonsJob_006LeftToe_Endd",
      "extras": {
        "name": "BodyAnimationSkeletonsJob_006:LeftToe_Endd"
      }
    },
    {
      "matrix": [
        0.9990923200279572,
        -0.0016325733155432888,
        -0.042563274334436935,
        0,
        0.030477424387994983,
        0.7254748594647314,
        0.6875732613552205,
        0,
        0.029756078625948753,
        -0.6882465479518,
        0.7248662899200417,
        0,
        -0.11699868738651276,
        1.3951635360717773,
        0.12732961773872375,
        1
      ],
      "name": "BodyAnimationSkeletonsJob_006LeftToeBased",
      "extras": {
        "name": "BodyAnimationSkeletonsJob_006:LeftToeBased"
      },
      "children": [
        34
      ]
    },
    {
      "matrix": [
        0.9791625729699732,
        -0.20222137435393858,
        -0.018626127559142773,
        0,
        0.07229356683789505,
        0.2613922978226707,
        0.9625214045079942,
        0,
        -0.1897736769967827,
        -0.9438114839934924,
        0.2705648596235483,
        0,
        -0.006003351416438818,
        4.435791969299316,
        0.07931172102689743,
        1
      ],
      "name": "BodyAnimationSkeletonsJob_006LeftFootd",
      "extras": {
        "name": "BodyAnimationSkeletonsJob_006:LeftFootd"
      },
      "children": [
        35
      ]
    },
    {
      "matrix": [
        0.9996228837565014,
        -0.024598177762450005,
        -0.012178041157893126,
        0,
        0.019826621796353323,
        0.9539297217684071,
        -0.2993739386422677,
        0,
        0.018981055372612417,
        0.29901969739849354,
        0.9540580193262418,
        0,
        -0.01493044849485159,
        3.7526941299438477,
        -0.04360866919159889,
        1
      ],
      "name": "BodyAnimationSkeletonsJob_006LeftLegd",
      "extras": {
        "name": "BodyAnimationSkeletonsJob_006:LeftLegd"
      },
      "children": [
        36
      ]
    },
    {
      "matrix": [
        -0.9993675666606319,
        -0.008858960140120149,
        0.03444808942511273,
        0,
        0.011844508261963359,
        -0.996098246328057,
        0.08745398693522731,
        0,
        0.03353957829043337,
        0.08780839582335366,
        0.9955924668861718,
        0,
        2.9205000400543213,
        -1.8096002340316772,
        -0.04250005632638931,
        1
      ],
      "name": "BodyAnimationSkeletonsJob_006LeftUpLegd",
      "extras": {
        "name": "BodyAnimationSkeletonsJob_006:LeftUpLegd"
      },
      "children": [
        37
      ]
    },
    {
      "matrix": [
        0.9999999403953542,
        4.656616982746247e-10,
        -4.4004989017162716e-8,
        0,
        -4.6565973836222737e-10,
        0.999999999999999,
        4.5169148431810084e-8,
        0,
        4.4004986415294316e-8,
        -4.5169143026736597e-8,
        0.9999998807907085,
        0,
        -0.03828844428062439,
        0.6947361826896667,
        -0.1532120406627655,
        1
      ],
      "name": "BodyAnimationSkeletonsJob_006RightToe_Endd",
      "extras": {
        "name": "BodyAnimationSkeletonsJob_006:RightToe_Endd"
      }
    },
    {
      "matrix": [
        0.9992104616373076,
        -0.002334430348125971,
        0.03966111167219477,
        0,
        -0.025393012111032065,
        0.7302337977215283,
        0.6827252683444905,
        0,
        -0.03055565508141581,
        -0.6831932642030818,
        0.7295978849325501,
        0,
        -0.12738701701164246,
        1.4020400047302246,
        0.12447452545166016,
        1
      ],
      "name": "BodyAnimationSkeletonsJob_006RightToeBased",
      "extras": {
        "name": "BodyAnimationSkeletonsJob_006:RightToeBased"
      },
      "children": [
        39
      ]
    },
    {
      "matrix": [
        0.9820090740605119,
        -0.17479706908749204,
        -0.071443478851279,
        0,
        0.11378497978913234,
        0.2457994278862973,
        0.9626190008957387,
        0,
        -0.15070218501125265,
        -0.9534299041305996,
        0.26126657366372946,
        0,
        0.006022105924785137,
        4.434146881103516,
        0.08091617375612259,
        1
      ],
      "name": "BodyAnimationSkeletonsJob_006RightFootd",
      "extras": {
        "name": "BodyAnimationSkeletonsJob_006:RightFootd"
      },
      "children": [
        40
      ]
    },
    {
      "matrix": [
        0.9990050523343559,
        0.02978598954601868,
        0.03318827839457699,
        0,
        -0.017414181756771237,
        0.9457024382173747,
        -0.3245672245766776,
        0,
        -0.041053796633736095,
        0.32366638904800926,
        0.945280325104833,
        0,
        0.014925369061529636,
        3.7531471252441406,
        -0.05915822088718414,
        1
      ],
      "name": "BodyAnimationSkeletonsJob_006RightLegd",
      "extras": {
        "name": "BodyAnimationSkeletonsJob_006:RightLegd"
      },
      "children": [
        41
      ]
    },
    {
      "matrix": [
        -0.9948776515411206,
        0.046883826629237055,
        -0.08953560480177745,
        0,
        -0.05550667102515593,
        -0.9937954754708547,
        0.09637966766833535,
        0,
        -0.08445883558851182,
        0.100852701096797,
        0.9912768303231181,
        0,
        -2.920499324798584,
        -1.8095985651016235,
        0.0179000087082386,
        1
      ],
      "name": "BodyAnimationSkeletonsJob_006RightUpLegd",
      "extras": {
        "name": "BodyAnimationSkeletonsJob_006:RightUpLegd"
      },
      "children": [
        42
      ]
    },
    {
      "matrix": [
        0.9999335775934403,
        0.006572891000404139,
        -0.009455109162842503,
        0,
        -0.0068397897460362594,
        0.9995709529876614,
        -0.028478202685170657,
        0,
        0.009263868910526243,
        0.028540983752979174,
        0.9995495758487621,
        0,
        -0.06903495639562607,
        10.750411987304688,
        -0.04494281858205795,
        1
      ],
      "name": "BodyAnimationSkeletonsJob_006Hipsd",
      "extras": {
        "name": "BodyAnimationSkeletonsJob_006:Hipsd"
      },
      "children": [
        33,
        38,
        43
      ]
    },
    {
      "mesh": 2,
      "skin": 2
    },
    {
      "mesh": 3,
      "skin": 3
    },
    {
      "mesh": 4,
      "skin": 4
    },
    {
      "mesh": 5,
      "skin": 5
    },
    {
      "children": [
        44,
        45,
        46,
        47,
        48
      ]
    },
    {
      "name": "nounGroupHolder",
      "children": [
        14,
        49
      ]
    }
  ],
  "bufferViews": [
    {
      "buffer": 0,
      "byteOffset": 0,
      "byteLength": 51264,
      "target": 34962,
      "byteStride": 12
    },
    {
      "buffer": 0,
      "byteOffset": 51264,
      "byteLength": 51264,
      "target": 34962,
      "byteStride": 12
    },
    {
      "buffer": 0,
      "byteOffset": 102528,
      "byteLength": 34176,
      "target": 34962,
      "byteStride": 8
    },
    {
      "buffer": 0,
      "byteOffset": 136704,
      "byteLength": 17088,
      "target": 34962,
      "byteStride": 4
    },
    {
      "buffer": 0,
      "byteOffset": 153792,
      "byteLength": 68352,
      "target": 34962,
      "byteStride": 16
    },
    {
      "buffer": 0,
      "byteOffset": 222144,
      "byteLength": 12816,
      "target": 34963
    },
    {
      "buffer": 0,
      "byteOffset": 234960,
      "byteLength": 4632,
      "target": 34962,
      "byteStride": 12
    },
    {
      "buffer": 0,
      "byteOffset": 239592,
      "byteLength": 4632,
      "target": 34962,
      "byteStride": 12
    },
    {
      "buffer": 0,
      "byteOffset": 244224,
      "byteLength": 3088,
      "target": 34962,
      "byteStride": 8
    },
    {
      "buffer": 0,
      "byteOffset": 247312,
      "byteLength": 1544,
      "target": 34962,
      "byteStride": 4
    },
    {
      "buffer": 0,
      "byteOffset": 248856,
      "byteLength": 6176,
      "target": 34962,
      "byteStride": 16
    },
    {
      "buffer": 0,
      "byteOffset": 255032,
      "byteLength": 2568,
      "target": 34963
    },
    {
      "buffer": 0,
      "byteOffset": 257600,
      "byteLength": 2112,
      "target": 34962,
      "byteStride": 12
    },
    {
      "buffer": 0,
      "byteOffset": 259712,
      "byteLength": 2112,
      "target": 34962,
      "byteStride": 12
    },
    {
      "buffer": 0,
      "byteOffset": 261824,
      "byteLength": 1408,
      "target": 34962,
      "byteStride": 8
    },
    {
      "buffer": 0,
      "byteOffset": 263232,
      "byteLength": 704,
      "target": 34962,
      "byteStride": 4
    },
    {
      "buffer": 0,
      "byteOffset": 263936,
      "byteLength": 2816,
      "target": 34962,
      "byteStride": 16
    },
    {
      "buffer": 0,
      "byteOffset": 266752,
      "byteLength": 528,
      "target": 34963
    },
    {
      "buffer": 0,
      "byteOffset": 267280,
      "byteLength": 10824,
      "target": 34962,
      "byteStride": 12
    },
    {
      "buffer": 0,
      "byteOffset": 278104,
      "byteLength": 10824,
      "target": 34962,
      "byteStride": 12
    },
    {
      "buffer": 0,
      "byteOffset": 288928,
      "byteLength": 7216,
      "target": 34962,
      "byteStride": 8
    },
    {
      "buffer": 0,
      "byteOffset": 296144,
      "byteLength": 3608,
      "target": 34962,
      "byteStride": 4
    },
    {
      "buffer": 0,
      "byteOffset": 299752,
      "byteLength": 14432,
      "target": 34962,
      "byteStride": 16
    },
    {
      "buffer": 0,
      "byteOffset": 314184,
      "byteLength": 7728,
      "target": 34963
    },
    {
      "buffer": 0,
      "byteOffset": 321912,
      "byteLength": 4536,
      "target": 34962,
      "byteStride": 12
    },
    {
      "buffer": 0,
      "byteOffset": 326448,
      "byteLength": 4536,
      "target": 34962,
      "byteStride": 12
    },
    {
      "buffer": 0,
      "byteOffset": 330984,
      "byteLength": 3024,
      "target": 34962,
      "byteStride": 8
    },
    {
      "buffer": 0,
      "byteOffset": 334008,
      "byteLength": 1512,
      "target": 34962,
      "byteStride": 4
    },
    {
      "buffer": 0,
      "byteOffset": 335520,
      "byteLength": 6048,
      "target": 34962,
      "byteStride": 16
    },
    {
      "buffer": 0,
      "byteOffset": 341568,
      "byteLength": 2832,
      "target": 34963
    },
    {
      "buffer": 0,
      "byteOffset": 344400,
      "byteLength": 1248,
      "target": 34962,
      "byteStride": 12
    },
    {
      "buffer": 0,
      "byteOffset": 345648,
      "byteLength": 1248,
      "target": 34962,
      "byteStride": 12
    },
    {
      "buffer": 0,
      "byteOffset": 346896,
      "byteLength": 832,
      "target": 34962,
      "byteStride": 8
    },
    {
      "buffer": 0,
      "byteOffset": 347728,
      "byteLength": 416,
      "target": 34962,
      "byteStride": 4
    },
    {
      "buffer": 0,
      "byteOffset": 348144,
      "byteLength": 1664,
      "target": 34962,
      "byteStride": 16
    },
    {
      "buffer": 0,
      "byteOffset": 349808,
      "byteLength": 528,
      "target": 34963
    },
    {
      "buffer": 0,
      "byteOffset": 350336,
      "byteLength": 768
    },
    {
      "buffer": 0,
      "byteOffset": 351104,
      "byteLength": 768
    },
    {
      "buffer": 0,
      "byteOffset": 351872,
      "byteLength": 1920
    },
    {
      "buffer": 0,
      "byteOffset": 353792,
      "byteLength": 1920
    },
    {
      "buffer": 0,
      "byteOffset": 355712,
      "byteLength": 1920
    },
    {
      "buffer": 0,
      "byteOffset": 357632,
      "byteLength": 1920
    }
  ],
  "buffers": [
    {
      "byteLength": 359552,
